 ----------2. ikea_bin ----------
position: 
  x: 0.0
  y: 0.11
  z: 0.05
rotation
[
  1,  0,  0
  0, -1,  0
  0,  0, -1
]
 ----------3. m12_screw ----------
position: 
  x: -0.00378713
  y: 0.0645886
  z: 0.014545
rotation
[
  -0.0314729, -0.907673, -0.418496
  0.987552, -0.0927993, 0.127003
  -0.154113, -0.409289, 0.899295
]
 ----------4. m12_screw ----------
position: 
  x: -0.0285361
  y: 0.0659188
  z: 0.0142592
rotation
[
  -0.0614683, -0.986975, 0.148669
  0.992273, -0.0443436, 0.115878
  -0.107776, 0.154643, 0.982074
]
 ----------5. m12_screw ----------
position: 
  x: 0.0297474
  y: 0.0648491
  z: 0.0145399
rotation
[
  -0.047447, -0.997974, -0.042394
  0.987074, -0.0533487, 0.151128
  -0.153083, -0.0346754, 0.987605
]
 ----------6. m12_screw ----------
position: 
  x: -0.00154839
  y: 0.159486
  z: 0.0182755
rotation
[
  0.0332369, -0.980861, 0.19185
  -0.949944, 0.0286604, 0.311103
  -0.310647, -0.192587, -0.930811
]
 ----------7. m12_screw ----------
position: 
  x: -0.0313117
  y: 0.159023
  z: 0.0173457
rotation
[
  -0.0811003, -0.996499, 0.0202966
  -0.958351, 0.0835579, 0.273097
  -0.273837, 0.00269697, -0.961772
]
 ----------8. m12_screw ----------
position: 
  x: 0.0304861
  y: 0.159408
  z: 0.01803
rotation
[
  0.0225746, -0.999414, 0.0257319
  -0.955796, -0.0140275, 0.293697
  -0.293164, -0.0312245, -0.955552
]
 ----------9. m12_screw ----------
position: 
  x: 0.0132059
  y: 0.0801653
  z: 0.0144997
rotation
[
  -0.103399, 0.0595281, 0.992857
  0.983679, 0.153901, 0.0932161
  -0.147253, 0.986291, -0.0744699
]
 ----------10. m12_screw ----------
position: 
  x: -0.0287397
  y: 0.117543
  z: 0.0298281
rotation
[
  -0.051081, -0.935617, -0.349301
  -0.476098, -0.284643, 0.832052
  -0.877908, 0.208803, -0.430905
]
 ----------11. m12_screw ----------
position: 
  x: 0.0281679
  y: 0.0926909
  z: 0.027014
rotation
[
  0.0789879, -0.963246, -0.256744
  0.696477, -0.13094, 0.705531
  -0.713219, -0.234545, 0.660536
]
 ----------12. m12_screw ----------
position: 
  x: -0.016719
  y: 0.144538
  z: 0.0171986
rotation
[
  0.382308, -0.237427, 0.893011
  -0.883751, 0.188291, 0.428405
  -0.269861, -0.952982, -0.137841
]
 ----------13. m12_screw ----------
position: 
  x: -0.0423382
  y: 0.151348
  z: 0.030377
rotation
[
  -0.0164607, -0.648891, 0.760703
  -0.969358, 0.196857, 0.146946
  -0.245101, -0.734975, -0.632248
]
 ----------14. m12_screw ----------
position: 
  x: 0.0153514
  y: 0.145195
  z: 0.0160451
rotation
[
  0.227662, 0.396621, 0.889304
  -0.948089, 0.298533, 0.109568
  -0.22203, -0.868084, 0.443997
]
 ----------15. m12_screw ----------
position: 
  x: -0.0146649
  y: 0.0727488
  z: 0.0249967
rotation
[
  -0.456166, -0.00191651, -0.889892
  0.700239, 0.616333, -0.360276
  0.54916, -0.787484, -0.279808
]
 ----------16. m12_screw ----------
position: 
  x: -0.0406786
  y: 0.077471
  z: 0.0248443
rotation
[
  0.0629306, -0.551235, -0.831973
  0.910154, -0.310318, 0.274449
  -0.409462, -0.774495, 0.48218
]
 ----------17. m12_screw ----------
position: 
  x: 0.0298113
  y: 0.0739044
  z: 0.0278847
rotation
[
  -0.150514, -0.964488, -0.217043
  0.347518, 0.153915, -0.924955
  0.925514, -0.214645, 0.31201
]
 ----------18. m12_screw ----------
position: 
  x: -0.0129378
  y: 0.128739
  z: 0.029155
rotation
[
  0.171423, -0.745396, -0.644204
  -0.78194, -0.500713, 0.37129
  -0.599319, 0.440081, -0.668689
]
 ----------19. m12_screw ----------
position: 
  x: -0.0280583
  y: 0.150405
  z: 0.0433205
rotation
[
  -0.175487, -0.851225, -0.49459
  -0.838676, -0.133844, 0.527928
  -0.515583, 0.507446, -0.690415
]
 ----------20. m12_screw ----------
position: 
  x: 0.00512369
  y: 0.126282
  z: 0.0200353
rotation
[
  0.646197, -0.510618, -0.567186
  -0.745502, -0.581339, -0.325994
  -0.163269, 0.633494, -0.756326
]
 ----------21. m12_screw ----------
position: 
  x: 0.0126261
  y: 0.0663546
  z: 0.0243587
rotation
[
  0.169719, 0.722073, 0.670676
  0.176087, -0.691816, 0.700274
  0.969633, -0.0007524, -0.244562
]
 ----------22. m12_screw ----------
position: 
  x: -0.0429443
  y: 0.10361
  z: 0.0298567
rotation
[
  0.808274, 0.31035, -0.500376
  -0.230884, 0.94881, 0.215529
  0.541651, -0.0586779, 0.838553
]
 ----------23. m12_screw ----------
position: 
  x: 0.0405076
  y: 0.0572483
  z: 0.0310958
rotation
[
  0.493255, 0.37598, 0.784435
  0.0888254, -0.918825, 0.38454
  0.865338, -0.119998, -0.486611
]
 ----------24. m12_screw ----------
position: 
  x: -0.012291
  y: 0.156457
  z: 0.0351826
rotation
[
  0.82293, -0.539358, -0.178547
  0.56758, 0.79445, 0.216108
  0.0252871, -0.279182, 0.959905
]
 ----------25. m12_screw ----------
position: 
  x: -0.0400257
  y: 0.165809
  z: 0.0372065
rotation
[
  0.893653, -0.278163, -0.35215
  0.0427084, -0.72844, 0.683777
  -0.446722, -0.626099, -0.639093
]
 ----------26. m12_screw ----------
position: 
  x: 0.0136732
  y: 0.157874
  z: 0.027729
rotation
[
  0.862963, 0.408944, -0.296749
  -0.125926, 0.74285, 0.657508
  0.489324, -0.530036, 0.692548
]
 ----------27. m12_screw ----------
position: 
  x: 0.00947287
  y: 0.0528795
  z: 0.0380127
rotation
[
  -0.226816, -0.938995, -0.258539
  0.771981, -0.0114861, -0.635541
  0.593801, -0.343738, 0.727492
]
 ----------28. m12_screw ----------
position: 
  x: -0.0409911
  y: 0.0609443
  z: 0.027692
rotation
[
  0.673375, 0.195443, -0.713
  -0.0569664, 0.975273, 0.213536
  0.737103, -0.103172, 0.667858
]
 ----------29. m12_screw ----------
position: 
  x: 0.0453273
  y: 0.0735111
  z: 0.039618
rotation
[
  0.0942939, 0.0486824, 0.994353
  0.948254, -0.308573, -0.074815
  0.303188, 0.949954, -0.0752598
]
 ----------30. m12_screw ----------
position: 
  x: -0.0162552
  y: 0.0969002
  z: 0.0152221
rotation
[
  0.706124, 0.628907, -0.325369
  -0.0376575, 0.492206, 0.869664
  0.707086, -0.601838, 0.371242
]
 ----------31. m12_screw ----------
position: 
  x: -0.0121567
  y: 0.109696
  z: 0.0334987
rotation
[
  0.39826, 0.519878, 0.755722
  -0.748726, -0.291706, 0.595245
  0.529903, -0.802891, 0.273071
]
 ----------32. m12_screw ----------
position: 
  x: 0.0360234
  y: 0.125555
  z: 0.0163098
rotation
[
  0.414519, -0.627872, 0.658749
  -0.549451, -0.749712, -0.368829
  0.72545, -0.209063, -0.655756
]